--- Сравнение численных методов с точным решением ---
----------------------------------------------------------------------
x          | y (Эйлер)       | y (Рунге-Кутта)      | y (Точное)     
----------------------------------------------------------------------
0.00       | 3.3863          | 3.3863               | 3.3863         
0.10       | 3.0784          | 3.0927               | 3.0066         
0.20       | 2.8001          | 2.8259               | 2.6775         
0.30       | 2.5484          | 2.5834               | 2.3914         
0.40       | 2.3208          | 2.3629               | 2.1419         
0.50       | 2.1148          | 2.1622               | 1.9236         
0.60       | 1.9281          | 1.9795               | 1.7319         
0.70       | 1.7589          | 1.8130               | 1.5631         
0.80       | 1.6055          | 1.6613               | 1.4139         
0.90       | 1.4662          | 1.5229               | 1.2816         
1.00       | 1.3397          | 1.3966               | 1.1641         
----------------------------------------------------------------------
